Left:
leftCamInfo.D = [0.1569170822003126, -0.22889902463879086, 0.007650152321982646, 0.0048957099451039324, 0.0]
leftCamInfo.K = [536.5758268477813, 0.0, 247.44670033531492, 0.0, 531.3262582465451, 262.0510590778803, 0.0, 0.0, 1.0]
leftCamInfo.R = [0.9987845570311966, -0.013670814378410176, -0.04735522642990731, 0.01394021992417426, 0.9998884456533916, 0.0053634426733278435, 0.04727662111934815, -0.006017065985633907, 0.998863712431512]
leftCamInfo.P = [572.1279396837233, 0.0, 276.3964099884033, 0.0, 0.0, 572.1279396837233, 262.72875595092773, 0.0, 0.0, 0.0, 1.0, 0.0]
Right:
rightCamInfo.D = [0.14848297651863696, -0.23211504638261077, 0.00554448411281769, 0.004904811820679364, 0.0]
rightCamInfo.K = [534.3432506979186, 0.0, 258.96387838003477, 0.0, 529.156146359108, 257.21497195869205, 0.0, 0.0, 1.0]
rightCamInfo.R = [0.999662592692041, 0.01954381929425834, -0.017109643468520532, -0.019640898676970494, 0.9997918363216206, -0.0055244116250247315, 0.016998113759693796, 0.005858596421934612, 0.9998383574241275]
rightCamInfo.P = [572.1279396837233, 0.0, 276.3964099884033, 135.43805496802958, 0.0, 572.1279396837233, 262.72875595092773, 0.0, 0.0, 0.0, 1.0, 0.0]
self.T = [0.23664699412049958, 0.004626547120429536, -0.004050312302269422]
self.R = [0.9989773747594726, -0.03340718816721147, -0.030465792250208405, 0.033734357616565194, 0.9993778737095044, 0.010288763583039855, 0.030103120018862197, -0.011305985964546544, 0.999482854703621]
None
# oST version 5.0 parameters
[image]
width
300
height
300
[narrow_stereo/left]
camera matrix
336.575827 0.000000 247.446700
0.000000 331.326258 262.051059
0.000000 0.000000 1.000000
distortion
0.156917 -0.228899 0.007650 0.004896 0.000000
rectification
0.998785 -0.013671 -0.047355
0.013940 0.999888 0.005363
0.047277 -0.006017 0.998864
projection
372.127940 0.000000 276.396410 0.000000
0.000000 372.127940 262.728756 0.000000
0.000000 0.000000 1.000000 0.000000
# oST version 5.0 parameters
[image]
width
300
height
300
[narrow_stereo/right]
camera matrix
334.343251 0.000000 258.963878
0.000000 329.156146 257.214972
0.000000 0.000000 1.000000
distortion
0.148483 -0.232115 0.005544 0.004905 0.000000
rectification
0.999663 0.019544 -0.017110
-0.019641 0.999792 -0.005524
0.016998 0.005859 0.999838
projection
372.127940 0.000000 276.396410 135.438055
0.000000 372.127940 262.728756 0.000000
0.000000 0.000000 1.000000 0.000000
